cola : 12541200.35150480
Table : 12541200.351504808200000013282000000
pc : 12541200.35150480820000001328200000012541200.35150480
car : 12541200.35150480820000001328200000012541200.351504807350000103650000
cola : 12541200.35150480
Table : 12541200.351504808200000013282000000
pc : 12541200.35150480820000001328200000012541200.35150480
car : 12541200.35150480820000001328200000012541200.351504807350000103650000
